0 0.707552 0.493981 0.020313 0.036111
0 0.664323 0.621759 0.023438 0.041667
0 0.565885 0.649074 0.022396 0.046296
0 0.576823 0.553704 0.024479 0.040741
0 0.579948 0.506019 0.024479 0.041667
0 0.534115 0.478241 0.018229 0.034259
0 0.466146 0.626389 0.019792 0.047222
0 0.455990 0.738426 0.027604 0.049074
0 0.520052 0.842130 0.027604 0.050926
0 0.425260 0.750463 0.021354 0.045370
0 0.360156 0.695833 0.026562 0.045370
0 0.134635 0.906944 0.030729 0.052778
0 0.249740 0.858796 0.033854 0.073148
0 0.280990 0.740741 0.026562 0.053704
0 0.297135 0.702315 0.026562 0.058333
0 0.230729 0.562500 0.014583 0.039815
0 0.217448 0.546759 0.022396 0.039815
1 0.296615 0.462963 0.021354 0.033333
0 0.385937 0.411111 0.016667 0.027778
0 0.439063 0.381944 0.018750 0.034259
0 0.414844 0.588426 0.019271 0.054630
0 0.420573 0.532870 0.030729 0.056481
1 0.526302 0.348611 0.015104 0.032407
0 0.675000 0.288889 0.014583 0.025926
0 0.053125 0.587500 0.012500 0.030556
0 0.042188 0.612037 0.015625 0.022222
