2 0.202865 0.681944 0.025521 0.063889
2 0.226823 0.652315 0.026562 0.045370
2 0.543229 0.621759 0.032292 0.067593
2 0.351302 0.749537 0.030729 0.062037
2 0.101302 0.894907 0.027604 0.054630
2 0.874219 0.393981 0.020313 0.043519
1 0.305469 0.446759 0.024479 0.043519
0 0.315885 0.775463 0.038021 0.065741
0 0.076302 0.914352 0.030729 0.056481
0 0.025781 0.791204 0.031771 0.050926
0 0.501823 0.547685 0.025521 0.052778
0 0.621615 0.455093 0.022396 0.052778
0 0.696875 0.280556 0.015625 0.031481
0 0.814323 0.336574 0.019271 0.034259
