2 0.560677 0.737500 0.028646 0.043519
0 0.417969 0.632870 0.029687 0.049074
0 0.337760 0.667130 0.034896 0.045370
0 0.286719 0.627315 0.032813 0.056481
0 0.362760 0.552315 0.031771 0.043519
0 0.482031 0.517130 0.028646 0.039815
0 0.530990 0.471759 0.014063 0.039815
2 0.546615 0.473611 0.019271 0.032407
0 0.561198 0.457870 0.019271 0.043519
1 0.657552 0.547685 0.026562 0.056481
1 0.734635 0.593981 0.010937 0.043519
0 0.753385 0.598611 0.020313 0.049074
0 0.744792 0.462963 0.015625 0.033333
2 0.757031 0.456019 0.015104 0.039815
0 0.819531 0.393981 0.010937 0.036111
0 0.136719 0.967130 0.030729 0.045370
1 0.923177 0.368519 0.014063 0.033333
0 0.795573 0.301389 0.014063 0.036111
