2 0.268229 0.887963 0.042708 0.107407
1 0.108073 0.557870 0.031771 0.041667
1 0.128646 0.548148 0.018750 0.037037
1 0.236979 0.498148 0.027083 0.044444
1 0.315365 0.694444 0.038021 0.046296
1 0.528906 0.646759 0.029687 0.056481
1 0.553906 0.636574 0.025521 0.060185
1 0.661198 0.579630 0.023438 0.050000
1 0.770312 0.528241 0.022917 0.056481
1 0.785677 0.512963 0.017188 0.044444
1 0.646094 0.490741 0.025521 0.035185
1 0.433594 0.398611 0.010937 0.039815
1 0.323177 0.433796 0.017188 0.026852
1 0.717708 0.461574 0.022917 0.047222
