0 0.65625 0.521875 0.015625 0.028125
0 0.6453125 0.5078125 0.01640625 0.02109375
0 0.62578125 0.50625 0.0171875 0.01953125
0 0.8609375 0.5 0.015625 0.02109375
0 0.74375 0.52578125 0.021875 0.028125
1 0.55 0.33515625 0.0140625 0.03046875
3 0.56875 0.346875 0.01328125 0.03046875
0 0.6453125 0.49375 0.02109375 0.0328125
0 0.63359375 0.73671875 0.0328125 0.05859375
0 0.33125 0.76484375 0.03203125 0.05
0 0.75078125 0.5703125 0.0171875 0.034375
0 0.84921875 0.5453125 0.01875 0.03671875
0 0.89375 0.51875 0.01328125 0.02890625
2 0.98984375 0.5375 0.01640625 0.040625