0 0.65625 0.521875 0.015625 0.028125
0 0.6453125 0.5078125 0.01640625 0.02109375
0 0.62578125 0.50625 0.0171875 0.01953125
0 0.859375 0.53046875 0.015625 0.02109375
0 0.74375 0.52578125 0.021875 0.028125
1 0.55 0.33515625 0.0140625 0.03046875
3 0.56875 0.346875 0.01328125 0.03046875
0 0.6453125 0.49375 0.02109375 0.0328125
0 0.709375 0.68671875 0.0328125 0.05859375
0 0.93515625 0.5171875 0.015625 0.03203125
0 0.753125 0.56328125 0.0171875 0.034375
0 0.84921875 0.5453125 0.01875 0.03671875
0 0.909375 0.50234375 0.01328125 0.02890625