0 0.8515625 0.50625 0.0265625 0.03828125
0 0.9203125 0.62265625 0.02265625 0.04921875
0 0.9390625 0.62578125 0.01328125 0.02890625
0 0.79140625 0.7046875 0.03125 0.03984375
0 0.44921875 0.709375 0.03828125 0.04921875
0 0.40390625 0.7046875 0.04296875 0.0609375
0 0.125 0.809375 0.0484375 0.0796875
0 0.034375 0.5625 0.01328125 0.0328125
0 0.05 0.5671875 0.0125 0.02109375
0 0.26328125 0.48046875 0.0203125 0.0421875
0 0.42890625 0.41171875 0.01796875 0.0265625
0 0.4671875 0.3828125 0.02265625 0.025
3 0.7046875 0.54140625 0.02265625 0.0328125
0 0.553125 0.346875 0.01640625 0.028125