0 0.05703125 0.525 0.01953125 0.03984375
0 0.30078125 0.52421875 0.01875 0.040625
0 0.32265625 0.5125 0.0234375 0.040625
0 0.4578125 0.50625 0.02421875 0.04375
0 0.5265625 0.39765625 0.01796875 0.03046875
0 0.5453125 0.365625 0.01328125 0.025
0 0.47109375 0.3734375 0.0140625 0.025
0 0.4546875 0.3890625 0.0140625 0.0234375
0 0.76875 0.66015625 0.02265625 0.0609375
0 0.78984375 0.6609375 0.0234375 0.04375
0 0.921875 0.51875 0.02265625 0.03984375
0 0.93515625 0.86015625 0.03203125 0.059375
3 0.59765625 0.58828125 0.02265625 0.0328125