0 0.07421875 0.51171875 0.0140625 0.02890625
0 0.09140625 0.509375 0.01328125 0.0265625
1 0.14921875 0.58046875 0.01953125 0.03203125
0 0.30546875 0.50234375 0.0328125 0.04921875
0 0.28125 0.5484375 0.0171875 0.04375
0 0.31015625 0.54140625 0.02109375 0.028125
0 0.46640625 0.50625 0.02109375 0.03046875
1 0.52421875 0.44609375 0.009375 0.01953125
1 0.540625 0.4765625 0.01875 0.02265625
0 0.53515625 0.53125 0.02265625 0.04609375
0 0.58125 0.55546875 0.01640625 0.03671875
0 0.5984375 0.5453125 0.01875 0.04375
0 0.609375 0.4765625 0.02421875 0.03671875
0 0.63203125 0.6390625 0.02734375 0.04765625
0 0.7328125 0.55859375 0.028125 0.03203125
0 0.88125 0.54296875 0.021875 0.040625
0 0.8796875 0.50234375 0.021875 0.02890625