0 0.59765625 0.51484375 0.015625 0.028125
0 0.6375 0.490625 0.01640625 0.02109375
0 0.5546875 0.52109375 0.02109375 0.0234375
0 0.734375 0.50234375 0.021875 0.028125
1 0.54765625 0.32890625 0.0140625 0.03046875
3 0.56640625 0.3234375 0.01328125 0.03046875
0 0.6171875 0.48046875 0.02109375 0.0328125
0 0.3359375 0.96796875 0.0328125 0.05859375
0 0.46171875 0.528125 0.03203125 0.05
0 0.71796875 0.5609375 0.0171875 0.034375
0 0.84921875 0.5453125 0.01875 0.03671875
0 0.8671875 0.53984375 0.01328125 0.02890625
0 0.921875 0.53125 0.01640625 0.040625
0 0.75 0.49296875 0.0125 0.0328125
1 0.1796875 0.553125 0.015625 0.03984375
0 0.81875 0.5171875 0.0234375 0.02890625
2 0.98515625 0.5546875 0.0171875 0.0515625
2 0.95546875 0.8296875 0.03828125 0.1296875