0 0.65625 0.521875 0.015625 0.028125
0 0.6453125 0.5078125 0.01640625 0.02109375
0 0.62578125 0.50625 0.0171875 0.01953125
0 0.86171875 0.54609375 0.015625 0.02109375
0 0.21796875 0.85390625 0.03125 0.0515625
0 0.74375 0.52578125 0.021875 0.028125
1 0.53125 0.346875 0.0140625 0.03046875
3 0.56171875 0.37109375 0.01484375 0.0328125
0 0.6453125 0.49375 0.02109375 0.0328125
0 0.76171875 0.93359375 0.01953125 0.0265625
0 0.70390625 0.48359375 0.0171875 0.025
0 0.97421875 0.5765625 0.01875 0.04765625
0 0.8828125 0.53984375 0.0171875 0.034375