3 0.5703125 0.5859375 0.02265625 0.03671875
0 0.50078125 0.50234375 0.028125 0.03984375
0 0.34765625 0.5265625 0.02421875 0.0421875
0 0.3734375 0.521875 0.0234375 0.04609375
0 0.09453125 0.528125 0.02421875 0.0328125
0 0.696875 0.6703125 0.02734375 0.05390625
0 0.72578125 0.671875 0.03046875 0.053125
0 0.5296875 0.40703125 0.01796875 0.0328125
0 0.54609375 0.36953125 0.015625 0.01953125
0 0.45234375 0.38125 0.01796875 0.0359375
0 0.47109375 0.37265625 0.01953125 0.0265625
0 0.8390625 0.91171875 0.04765625 0.06640625