1 0.27578125 0.5328125 0.0265625 0.03203125
0 0.465625 0.5421875 0.0296875 0.04765625
0 0.4984375 0.47734375 0.01484375 0.02890625
0 0.546875 0.52265625 0.015625 0.034375
0 0.565625 0.51328125 0.0109375 0.04765625
0 0.590625 0.5078125 0.01640625 0.02890625
0 0.69375 0.56796875 0.025 0.04375
0 0.6796875 0.51953125 0.01953125 0.03046875
0 0.7234375 0.509375 0.02890625 0.0421875
0 0.7828125 0.51640625 0.01328125 0.028125
0 0.8078125 0.553125 0.0109375 0.053125
0 0.884375 0.528125 0.02421875 0.02890625
0 0.9609375 0.56171875 0.0234375 0.028125
0 0.490625 0.35234375 0.015625 0.02265625
0 0.46484375 0.375 0.0234375 0.03046875