0 0.29453125 0.6734375 0.03515625 0.053125
0 0.22265625 0.8984375 0.05234375 0.09140625
0 0.28671875 0.91640625 0.0578125 0.07421875
0 0.6390625 0.67421875 0.04140625 0.06484375
1 0.6765625 0.6921875 0.034375 0.05703125
0 0.7796875 0.5421875 0.0234375 0.0421875
0 0.79765625 0.5453125 0.0171875 0.03203125
2 0.11875 0.515625 0.02109375 0.034375
0 0.36015625 0.54375 0.0234375 0.0421875
0 0.38828125 0.54609375 0.02734375 0.034375
0 0.56015625 0.53515625 0.02265625 0.0328125
0 0.61015625 0.5703125 0.025 0.053125
0 0.85703125 0.5046875 0.0171875 0.03046875
0 0.909375 0.515625 0.01875 0.03671875
0 0.4828125 0.38984375 0.0109375 0.02109375
0 0.4921875 0.38515625 0.01328125 0.0234375