1 0.3125 0.509375 0.02421875 0.02890625
0 0.38828125 0.53671875 0.02734375 0.03828125
0 0.51484375 0.4546875 0.01953125 0.0171875
0 0.515625 0.51484375 0.028125 0.0515625
0 0.5390625 0.509375 0.01328125 0.03984375
0 0.578125 0.49375 0.01484375 0.040625
0 0.60703125 0.48359375 0.0171875 0.03828125
0 0.6453125 0.540625 0.0203125 0.03984375
0 0.6640625 0.5703125 0.025 0.0421875
0 0.6984375 0.49453125 0.021875 0.053125
0 0.765625 0.52265625 0.021875 0.0453125
0 0.796875 0.54140625 0.0171875 0.04375
0 0.88359375 0.53828125 0.0296875 0.053125
0 0.95 0.55078125 0.0234375 0.0359375
0 0.46171875 0.37421875 0.02109375 0.03203125
0 0.48125 0.359375 0.015625 0.0359375