0 0.07734375 0.56640625 0.02421875 0.05
0 0.10234375 0.575 0.02265625 0.0359375
0 0.2265625 0.55234375 0.02734375 0.040625
0 0.35 0.6890625 0.03515625 0.06640625
0 0.4140625 0.83984375 0.034375 0.07109375
0 0.4671875 0.8296875 0.05546875 0.0625
0 0.690625 0.6765625 0.03125 0.0515625
0 0.7203125 0.6734375 0.0234375 0.05
0 0.97265625 0.65859375 0.0265625 0.03984375
3 0.7109375 0.53671875 0.0234375 0.02890625
0 0.77109375 0.4875 0.025 0.04375
0 0.4640625 0.39453125 0.0234375 0.02890625
0 0.4265625 0.421875 0.025 0.02890625