0 0.65625 0.521875 0.015625 0.028125
0 0.6453125 0.5078125 0.01640625 0.02109375
0 0.62578125 0.50625 0.0171875 0.01953125
0 0.86171875 0.54609375 0.015625 0.02109375
0 0.26796875 0.86953125 0.03125 0.0515625
0 0.74375 0.52578125 0.021875 0.028125
1 0.53125 0.346875 0.0140625 0.03046875
3 0.56640625 0.3640625 0.01328125 0.03046875
0 0.6453125 0.49375 0.02109375 0.0328125
0 0.81796875 0.88203125 0.0328125 0.05859375
0 0.70390625 0.48359375 0.0171875 0.025
0 0.95234375 0.584375 0.015625 0.03203125
0 0.753125 0.56328125 0.0171875 0.034375
2 0.990625 0.5265625 0.01875 0.03671875