0 0.11875 0.5171875 0.0234375 0.03203125
0 0.13984375 0.5109375 0.0171875 0.02109375
0 0.3375 0.4953125 0.028125 0.040625
0 0.3625 0.53046875 0.0234375 0.04765625
0 0.325 0.5578125 0.03125 0.04375
0 0.49609375 0.50390625 0.02265625 0.03203125
0 0.56328125 0.53125 0.02421875 0.04375
0 0.6015625 0.55390625 0.0234375 0.04375
0 0.73671875 0.53359375 0.02109375 0.03046875
0 0.75625 0.559375 0.01953125 0.034375
0 0.89921875 0.54296875 0.0171875 0.03046875
0 0.91640625 0.5359375 0.0078125 0.02890625
0 0.546875 0.38046875 0.0203125 0.0328125
1 0.52265625 0.43984375 0.01328125 0.03046875
0 0.453125 0.3890625 0.015625 0.0453125
0 0.46875 0.375 0.01953125 0.028125