0 0.37578125 0.51015625 0.01640625 0.04609375
0 0.1265625 0.53359375 0.025 0.04609375
0 0.47734375 0.51796875 0.01875 0.04375
0 0.525 0.49296875 0.0171875 0.0328125
0 0.54609375 0.50859375 0.0203125 0.03828125
0 0.6078125 0.4828125 0.0375 0.05546875
0 0.6453125 0.50625 0.01953125 0.053125
0 0.5953125 0.57109375 0.03203125 0.0609375
0 0.6890625 0.50390625 0.025 0.05
0 0.728125 0.525 0.01796875 0.03203125
0 0.75390625 0.546875 0.01640625 0.03828125
0 0.77109375 0.540625 0.01328125 0.02890625
0 0.840625 0.53515625 0.0234375 0.04375
0 0.89609375 0.5515625 0.03359375 0.03671875
1 0.02578125 0.571875 0.01484375 0.04375
0 0.89609375 0.81484375 0.04375 0.05859375
0 0.46015625 0.3828125 0.01796875 0.025
0 0.48046875 0.36171875 0.0203125 0.028125