0 0.784375 0.63125 0.0328125 0.04765625
0 0.86640625 0.5390625 0.0234375 0.0359375
0 0.88671875 0.528125 0.015625 0.03671875
0 0.690625 0.5296875 0.02265625 0.04609375
0 0.71015625 0.5546875 0.03359375 0.0359375
0 0.56796875 0.540625 0.02421875 0.040625
0 0.54765625 0.5453125 0.02734375 0.0328125
0 0.42734375 0.50703125 0.0203125 0.0359375
0 0.51328125 0.5 0.01484375 0.02109375
0 0.5390625 0.46875 0.01640625 0.0359375
0 0.54296875 0.36796875 0.01796875 0.02109375
0 0.6046875 0.4765625 0.025 0.0265625
0 0.53515625 0.4328125 0.01796875 0.02890625
0 0.45625 0.38984375 0.0109375 0.02890625
0 0.471875 0.36875 0.01796875 0.02265625
0 0.26953125 0.525 0.0234375 0.03203125
2 0.17421875 0.59453125 0.028125 0.0359375
0 0.01484375 0.51484375 0.01328125 0.03828125
0 0.03046875 0.5109375 0.01953125 0.0328125