0 0.07734375 0.5140625 0.02265625 0.03828125
0 0.2734375 0.70078125 0.03984375 0.05546875
0 0.31171875 0.5390625 0.0234375 0.03828125
0 0.34453125 0.53984375 0.02109375 0.02890625
0 0.38046875 0.9109375 0.04765625 0.0703125
1 0.32421875 0.9015625 0.046875 0.07578125
0 0.5234375 0.534375 0.02421875 0.03984375
0 0.5703125 0.57109375 0.0234375 0.040625
0 0.6953125 0.67421875 0.0296875 0.05703125
0 0.75625 0.5453125 0.0203125 0.0328125
0 0.7765625 0.54609375 0.01796875 0.034375
0 0.890625 0.51328125 0.021875 0.03671875
0 0.48125 0.390625 0.0109375 0.025