1 0.35078125 0.525 0.02421875 0.02890625
0 0.25 0.5375 0.02734375 0.03828125
0 0.51875 0.41875 0.0234375 0.025
0 0.4921875 0.5140625 0.028125 0.0515625
0 0.50859375 0.5078125 0.01328125 0.03984375
0 0.5515625 0.49140625 0.02109375 0.040625
0 0.60625 0.47578125 0.0171875 0.03828125
0 0.59375 0.5234375 0.0203125 0.03984375
0 0.63359375 0.57421875 0.025 0.0421875
0 0.665625 0.49375 0.0171875 0.0421875
0 0.69765625 0.50390625 0.021875 0.0453125
0 0.73671875 0.51953125 0.0171875 0.04375
0 0.76953125 0.54609375 0.0296875 0.053125
0 0.853125 0.53203125 0.0234375 0.0359375
0 0.46171875 0.37421875 0.02109375 0.03203125
0 0.48125 0.359375 0.015625 0.0359375
0 0.91484375 0.559375 0.02265625 0.06328125
0 0.790625 0.915625 0.02890625 0.05703125