1 0.32109375 0.51328125 0.02421875 0.02890625
0 0.34453125 0.5375 0.02734375 0.03828125
0 0.5140625 0.43203125 0.0234375 0.025
0 0.50859375 0.51015625 0.028125 0.0515625
0 0.525 0.50625 0.01328125 0.03984375
0 0.578125 0.49375 0.01484375 0.040625
0 0.60703125 0.48359375 0.0171875 0.03828125
0 0.6453125 0.540625 0.0203125 0.03984375
0 0.6609375 0.5671875 0.025 0.0421875
0 0.6984375 0.49453125 0.021875 0.053125
0 0.7546875 0.52109375 0.021875 0.0453125
0 0.796875 0.54140625 0.0171875 0.04375
0 0.8671875 0.528125 0.0296875 0.053125
0 0.92734375 0.5484375 0.0234375 0.0359375
0 0.46171875 0.37421875 0.02109375 0.03203125
0 0.48125 0.359375 0.015625 0.0359375