0 0.10234375 0.53359375 0.0234375 0.03828125
0 0.209375 0.64296875 0.02734375 0.0421875
0 0.18046875 0.63203125 0.02578125 0.0421875
3 0.38046875 0.6015625 0.02421875 0.0421875
0 0.3046875 0.540625 0.0203125 0.040625
0 0.27578125 0.54375 0.0359375 0.04765625
0 0.20546875 0.51328125 0.02890625 0.0421875
0 0.4375 0.5125 0.0203125 0.03828125
0 0.4609375 0.55390625 0.02421875 0.0421875
0 0.69140625 0.53828125 0.01953125 0.03984375
0 0.73828125 0.49921875 0.02421875 0.03828125
0 0.56484375 0.45703125 0.01953125 0.0328125
3 0.55625 0.39765625 0.01640625 0.028125
0 0.4546875 0.38125 0.01171875 0.02109375
0 0.47421875 0.36953125 0.01328125 0.01953125