3 0.6828125 0.5765625 0.02421875 0.03984375
0 0.78515625 0.51484375 0.02421875 0.0421875
0 0.971875 0.63984375 0.0265625 0.04609375
0 0.15625 0.6828125 0.03203125 0.0453125
0 0.12109375 0.671875 0.0328125 0.05859375
0 0.10546875 0.52109375 0.01796875 0.0453125
0 0.125 0.51640625 0.01875 0.03828125
0 0.27578125 0.49765625 0.0375 0.04609375
0 0.36953125 0.4421875 0.0234375 0.03828125
0 0.4453125 0.396875 0.01484375 0.034375
0 0.4671875 0.37109375 0.0234375 0.025
0 0.53828125 0.375 0.01015625 0.025
0 0.55234375 0.33828125 0.0125 0.01875