0 0.09453125 0.778125 0.04375 0.07578125
0 0.32109375 0.66484375 0.0265625 0.04921875
0 0.36015625 0.6703125 0.0296875 0.05703125
0 0.35546875 0.4421875 0.01953125 0.0359375
0 0.1734375 0.50546875 0.01640625 0.03203125
0 0.190625 0.4984375 0.01875 0.03671875
2 0.70078125 0.57578125 0.02734375 0.04609375
0 0.69375 0.521875 0.03671875 0.04609375
0 0.44140625 0.396875 0.0171875 0.02890625
0 0.46953125 0.3703125 0.0171875 0.02890625
0 0.54140625 0.3703125 0.01484375 0.02109375
0 0.553125 0.3390625 0.015625 0.025