0 0.25 0.71875 0.03515625 0.059375
0 0.2875 0.7140625 0.0421875 0.05546875
0 0.65625 0.73515625 0.03671875 0.059375
0 0.459375 0.540625 0.01875 0.03671875
0 0.82578125 0.62890625 0.0265625 0.0515625
0 0.8484375 0.6375 0.025 0.05
0 0.8984375 0.50625 0.01875 0.0359375
0 0.01875 0.56328125 0.0203125 0.0421875
0 0.01796875 0.77734375 0.03359375 0.0625
0 0.290625 0.47109375 0.0265625 0.03203125
0 0.42890625 0.40859375 0.01484375 0.03203125
0 0.46640625 0.38125 0.01640625 0.028125
3 0.7046875 0.5484375 0.0234375 0.03046875