0 0.30703125 0.5125 0.01640625 0.04609375
0 0.44921875 0.5046875 0.025 0.04609375
0 0.3328125 0.50625 0.01875 0.04375
1 0.48203125 0.46640625 0.0171875 0.0328125
0 0.4859375 0.55625 0.0203125 0.03828125
0 0.596875 0.48125 0.02734375 0.0421875
0 0.52734375 0.3921875 0.0140625 0.0359375
0 0.5953125 0.57109375 0.03203125 0.0609375
0 0.66640625 0.48828125 0.01875 0.0421875
0 0.73828125 0.5453125 0.01796875 0.03203125
0 0.7109375 0.54453125 0.01640625 0.03828125
0 0.6703125 0.5265625 0.01328125 0.02890625
0 0.7875 0.53671875 0.0234375 0.04375
0 0.821875 0.559375 0.03359375 0.03671875
1 0.0796875 0.57734375 0.01484375 0.04375
2 0.94609375 0.53671875 0.0359375 0.04765625
0 0.46015625 0.3828125 0.01796875 0.025
0 0.48046875 0.36171875 0.0203125 0.028125
1 0.56796875 0.46640625 0.0140625 0.01953125
0 0.534375 0.971875 0.04453125 0.053125