3 0.34375 0.603125 0.028125 0.05
0 0.15078125 0.63515625 0.04140625 0.0609375
0 0.01640625 0.48515625 0.015625 0.02890625
0 0.1296875 0.5 0.0203125 0.034375
0 0.17578125 0.53203125 0.03125 0.0359375
0 0.275 0.49765625 0.02109375 0.03046875
0 0.51796875 0.553125 0.02421875 0.0421875
0 0.72578125 0.540625 0.02109375 0.0421875
0 0.74921875 0.5359375 0.02421875 0.03984375
0 0.76015625 0.4953125 0.01796875 0.0359375
0 0.578125 0.46015625 0.01640625 0.03671875
0 0.4546875 0.38359375 0.01171875 0.03671875
0 0.471875 0.36953125 0.01640625 0.025
0 0.55234375 0.3984375 0.0125 0.0234375
1 0.46796875 0.4890625 0.01875 0.03046875