0 0.609375 0.50078125 0.015625 0.028125
0 0.6421875 0.5 0.01640625 0.02109375
0 0.60390625 0.528125 0.02109375 0.0234375
0 0.83828125 0.5 0.015625 0.02109375
0 0.74375 0.52578125 0.021875 0.028125
1 0.55 0.33515625 0.0140625 0.03046875
3 0.56796875 0.33828125 0.01328125 0.03046875
0 0.63125 0.4796875 0.02109375 0.0328125
0 0.5625 0.76953125 0.0328125 0.05859375
0 0.37578125 0.665625 0.03203125 0.05
0 0.75703125 0.5625 0.0171875 0.034375
0 0.84921875 0.5453125 0.01875 0.03671875
0 0.86171875 0.5109375 0.01328125 0.02890625
0 0.95859375 0.55078125 0.01640625 0.040625
0 0.76171875 0.50234375 0.0125 0.0328125
1 0.05625 0.5703125 0.015625 0.03984375