0 0.38125 0.66796875 0.03828125 0.05859375
0 0.421875 0.66640625 0.0375 0.053125
3 0.471875 0.596875 0.0296875 0.03984375
0 0.55078125 0.540625 0.025 0.0515625
0 0.57578125 0.52734375 0.02890625 0.0515625
0 0.66015625 0.50390625 0.0265625 0.034375
0 0.53359375 0.4328125 0.015625 0.03203125
1 0.5484375 0.37734375 0.0109375 0.01484375
0 0.45703125 0.3921875 0.01875 0.03828125
0 0.471875 0.37265625 0.0125 0.02890625
0 0.28671875 0.54296875 0.0234375 0.04609375
0 0.26953125 0.50703125 0.01953125 0.01953125
0 0.14765625 0.54140625 0.0203125 0.0359375
0 0.12578125 0.53671875 0.01953125 0.040625
0 0.059375 0.49921875 0.025 0.025