0 0.37578125 0.51015625 0.01640625 0.04609375
0 0.0125 0.52421875 0.025 0.04609375
0 0.47734375 0.51796875 0.01875 0.04375
0 0.525 0.49296875 0.0171875 0.0328125
0 0.54609375 0.50859375 0.0203125 0.03828125
0 0.596875 0.48125 0.02734375 0.0421875
0 0.52734375 0.3921875 0.0140625 0.0359375
0 0.5953125 0.57109375 0.03203125 0.0609375
0 0.66640625 0.48828125 0.01875 0.0421875
0 0.73828125 0.5453125 0.01796875 0.03203125
0 0.7109375 0.54453125 0.01640625 0.03828125
0 0.6703125 0.5265625 0.01328125 0.02890625
0 0.81875 0.528125 0.0234375 0.04375
0 0.8640625 0.55390625 0.03359375 0.03671875
1 0.05390625 0.575 0.01484375 0.04375
0 0.97109375 0.5421875 0.04375 0.05859375
0 0.46015625 0.3828125 0.01796875 0.025
0 0.48046875 0.36171875 0.0203125 0.028125