0 0.54375 0.409375 0.01875 0.03046875
0 0.471875 0.3703125 0.0125 0.01875
0 0.4578125 0.38828125 0.0125 0.03046875
0 0.434375 0.3984375 0.01875 0.03203125
3 0.5 0.48359375 0.015625 0.02265625
0 0.59765625 0.51875 0.03671875 0.05859375
0 0.796875 0.53671875 0.021875 0.034375
0 0.81875 0.5265625 0.015625 0.03984375
0 0.8046875 0.49765625 0.01953125 0.028125
0 0.4671875 0.540625 0.02578125 0.0328125
0 0.4125 0.5 0.021875 0.034375
0 0.35234375 0.5296875 0.0203125 0.03046875
3 0.26171875 0.6015625 0.02578125 0.0453125
0 0.2671875 0.49609375 0.02109375 0.04765625
0 0.125 0.51796875 0.0265625 0.03828125
0 0.121875 0.49375 0.01796875 0.0328125
0 0.06171875 0.60078125 0.021875 0.0609375
0 0.04609375 0.53984375 0.02265625 0.03203125