0 0.21875 0.48671875 0.0203125 0.03984375
0 0.271875 0.54609375 0.02734375 0.03984375
0 0.24765625 0.69296875 0.0375 0.0609375
0 0.3546875 0.825 0.0421875 0.06484375
0 0.61171875 0.68359375 0.03671875 0.0515625
0 0.64609375 0.68203125 0.0296875 0.040625
0 0.93125 0.6703125 0.03046875 0.0359375
0 0.79375 0.5015625 0.0203125 0.03984375
3 0.7125 0.534375 0.01953125 0.03671875
0 0.4234375 0.4171875 0.0234375 0.0359375
0 0.46875 0.39375 0.0234375 0.03828125
0 0.084375 0.57109375 0.021875 0.03828125
0 0.065625 0.56640625 0.0125 0.03203125