1 0.23046875 0.596875 0.0265625 0.03828125
3 0.5125 0.48046875 0.02109375 0.02890625
1 0.54375 0.40859375 0.01953125 0.0453125
0 0.47109375 0.37265625 0.015625 0.03671875
0 0.459375 0.3890625 0.0171875 0.034375
0 0.4484375 0.49765625 0.015625 0.03671875
0 0.403125 0.5296875 0.0265625 0.03828125
0 0.3234375 0.5 0.021875 0.03203125
0 0.16953125 0.52578125 0.02578125 0.028125
0 0.09140625 0.54609375 0.01796875 0.02890625
0 0.02734375 0.5765625 0.02265625 0.03984375
0 0.478125 0.5546875 0.028125 0.04375
0 0.50390625 0.540625 0.0203125 0.04609375
0 0.6078125 0.475 0.0171875 0.03203125
0 0.6421875 0.525 0.025 0.04765625
0 0.821875 0.5046875 0.02109375 0.0328125
0 0.81484375 0.553125 0.02109375 0.03984375
0 0.97734375 0.61328125 0.01953125 0.03828125