0 0.37578125 0.51015625 0.01640625 0.04609375
0 0.20078125 0.53671875 0.025 0.04609375
0 0.47734375 0.51796875 0.01875 0.04375
0 0.525 0.49296875 0.0171875 0.0328125
0 0.54609375 0.50859375 0.0203125 0.03828125
0 0.6078125 0.4828125 0.0375 0.05546875
0 0.6453125 0.50625 0.01953125 0.053125
0 0.63125 0.5609375 0.03203125 0.0609375
0 0.696875 0.50390625 0.025 0.05
0 0.728125 0.525 0.01796875 0.03203125
0 0.76171875 0.54453125 0.01640625 0.03828125
0 0.7765625 0.5359375 0.01328125 0.02890625
0 0.85 0.5390625 0.0234375 0.04375
0 0.909375 0.5515625 0.03359375 0.03671875
1 0.02578125 0.571875 0.01484375 0.04375
0 0.83046875 0.871875 0.04375 0.05859375
0 0.46015625 0.3828125 0.01796875 0.025
0 0.48046875 0.36171875 0.0203125 0.028125