1 0.296875 0.528125 0.02421875 0.02890625
0 0.4375 0.53671875 0.02734375 0.03828125
0 0.50390625 0.45546875 0.01953125 0.0171875
0 0.53125 0.50859375 0.028125 0.0515625
0 0.55234375 0.4984375 0.01328125 0.03984375
0 0.59921875 0.49296875 0.01484375 0.040625
0 0.6171875 0.47421875 0.0171875 0.03828125
0 0.66171875 0.52109375 0.0203125 0.03984375
0 0.68125 0.5609375 0.025 0.0421875
0 0.7203125 0.50625 0.021875 0.053125
0 0.765625 0.52265625 0.021875 0.0453125
0 0.796875 0.54140625 0.0171875 0.04375
0 0.88359375 0.53828125 0.0296875 0.053125
0 0.95 0.55078125 0.0234375 0.0359375
0 0.4671875 0.3703125 0.02109375 0.03203125
0 0.4890625 0.3578125 0.015625 0.0359375