1 0.1078125 0.57890625 0.02421875 0.0328125
0 0.18046875 0.5125 0.0234375 0.0171875
0 0.20234375 0.51484375 0.01796875 0.03984375
0 0.38046875 0.515625 0.0234375 0.034375
0 0.415625 0.5390625 0.021875 0.03046875
0 0.52578125 0.50625 0.01875 0.0421875
1 0.5078125 0.4546875 0.01015625 0.03203125
0 0.5453125 0.3921875 0.01875 0.0515625
0 0.54375 0.3859375 0.00546875 0.0109375
0 0.45859375 0.38203125 0.0125 0.02109375
0 0.475 0.37109375 0.00859375 0.02265625
0 0.5890625 0.53125 0.03046875 0.0515625
3 0.5578125 0.4734375 0.0125 0.0234375
0 0.625 0.53984375 0.0109375 0.0421875
0 0.64140625 0.53984375 0.01796875 0.03984375
0 0.7546875 0.53359375 0.0265625 0.0625
0 0.928125 0.53671875 0.02578125 0.03046875