0 0.028125 0.49609375 0.02109375 0.03203125
0 0.0546875 0.5265625 0.0296875 0.0265625
0 0.1640625 0.509375 0.0234375 0.03203125
0 0.2328125 0.53671875 0.021875 0.0328125
0 0.25546875 0.53984375 0.02109375 0.02890625
0 0.25703125 0.653125 0.03125 0.0453125
3 0.40703125 0.60234375 0.03359375 0.03828125
0 0.38828125 0.51640625 0.01875 0.0328125
3 0.4296875 0.48671875 0.01875 0.03671875
0 0.5546875 0.44453125 0.02109375 0.0421875
0 0.45546875 0.378125 0.01640625 0.0265625
0 0.46953125 0.3640625 0.01328125 0.01875
0 0.65546875 0.54296875 0.025 0.04375
0 0.6765625 0.53203125 0.0171875 0.04765625
0 0.72109375 0.50546875 0.02890625 0.05546875