0 0.609375 0.50078125 0.015625 0.028125
0 0.6421875 0.5 0.01640625 0.02109375
0 0.60390625 0.528125 0.02109375 0.0234375
0 0.85078125 0.51953125 0.015625 0.02109375
0 0.74375 0.52578125 0.021875 0.028125
1 0.55 0.33515625 0.0140625 0.03046875
3 0.56796875 0.33828125 0.01328125 0.03046875
0 0.63125 0.4796875 0.02109375 0.0328125
0 0.48046875 0.83203125 0.0328125 0.05859375
0 0.4171875 0.59765625 0.03203125 0.05
0 0.75703125 0.5625 0.0171875 0.034375
0 0.84921875 0.5453125 0.01875 0.03671875
0 0.8671875 0.53984375 0.01328125 0.02890625
0 0.9453125 0.5375 0.01640625 0.040625
0 0.76171875 0.50234375 0.0125 0.0328125
1 0.103125 0.56640625 0.015625 0.03984375
0 0.80078125 0.4984375 0.0234375 0.02890625
0 0.77265625 0.95234375 0.0453125 0.05546875